# emd.json에서 추출된 EMD_CD 목록
# 총 5065개
==================================================

   1. 11110101
   2. 11110102
   3. 11110103
   4. 11110104
   5. 11110105
   6. 11110106
   7. 11110107
   8. 11110108
   9. 11110109
  10. 11110110
  11. 11110111
  12. 11110112
  13. 11110113
  14. 11110114
  15. 11110115
  16. 11110116
  17. 11110117
  18. 11110118
  19. 11110119
  20. 11110120
  21. 11110121
  22. 11110122
  23. 11110123
  24. 11110124
  25. 11110125
  26. 11110126
  27. 11110127
  28. 11110128
  29. 11110129
  30. 11110130
  31. 11110131
  32. 11110132
  33. 11110133
  34. 11110134
  35. 11110135
  36. 11110136
  37. 11110137
  38. 11110138
  39. 11110139
  40. 11110140
  41. 11110141
  42. 11110142
  43. 11110143
  44. 11110144
  45. 11110145
  46. 11110146
  47. 11110147
  48. 11110148
  49. 11110149
  50. 11110150
  51. 11110151
  52. 11110152
  53. 11110153
  54. 11110154
  55. 11110155
  56. 11110156
  57. 11110157
  58. 11110158
  59. 11110159
  60. 11110160
  61. 11110161
  62. 11110162
  63. 11110163
  64. 11110164
  65. 11110165
  66. 11110166
  67. 11110167
  68. 11110168
  69. 11110169
  70. 11110170
  71. 11110171
  72. 11110172
  73. 11110173
  74. 11110174
  75. 11110175
  76. 11110176
  77. 11110177
  78. 11110178
  79. 11110179
  80. 11110180
  81. 11110181
  82. 11110182
  83. 11110183
  84. 11110184
  85. 11110185
  86. 11110186
  87. 11110187
  88. 11140101
  89. 11140102
  90. 11140103
  91. 11140104
  92. 11140105
  93. 11140106
  94. 11140107
  95. 11140108
  96. 11140109
  97. 11140110
  98. 11140111
  99. 11140112
 100. 11140113
 101. 11140114
 102. 11140115
 103. 11140116
 104. 11140117
 105. 11140118
 106. 11140119
 107. 11140120
 108. 11140121
 109. 11140122
 110. 11140123
 111. 11140124
 112. 11140125
 113. 11140126
 114. 11140127
 115. 11140128
 116. 11140129
 117. 11140130
 118. 11140131
 119. 11140132
 120. 11140133
 121. 11140134
 122. 11140135
 123. 11140136
 124. 11140137
 125. 11140138
 126. 11140139
 127. 11140140
 128. 11140141
 129. 11140142
 130. 11140143
 131. 11140144
 132. 11140145
 133. 11140146
 134. 11140147
 135. 11140148
 136. 11140149
 137. 11140150
 138. 11140151
 139. 11140152
 140. 11140153
 141. 11140154
 142. 11140155
 143. 11140156
 144. 11140157
 145. 11140158
 146. 11140159
 147. 11140160
 148. 11140161
 149. 11140162
 150. 11140163
 151. 11140164
 152. 11140165
 153. 11140166
 154. 11140167
 155. 11140168
 156. 11140169
 157. 11140170
 158. 11140171
 159. 11140172
 160. 11140173
 161. 11140174
 162. 11170101
 163. 11170102
 164. 11170103
 165. 11170104
 166. 11170105
 167. 11170106
 168. 11170107
 169. 11170108
 170. 11170109
 171. 11170110
 172. 11170111
 173. 11170112
 174. 11170113
 175. 11170114
 176. 11170115
 177. 11170116
 178. 11170117
 179. 11170118
 180. 11170119
 181. 11170120
 182. 11170121
 183. 11170122
 184. 11170123
 185. 11170124
 186. 11170125
 187. 11170126
 188. 11170127
 189. 11170128
 190. 11170129
 191. 11170130
 192. 11170131
 193. 11170132
 194. 11170133
 195. 11170134
 196. 11170135
 197. 11170136
 198. 11200101
 199. 11200102
 200. 11200103
 201. 11200104
 202. 11200105
 203. 11200106
 204. 11200107
 205. 11200108
 206. 11200109
 207. 11200110
 208. 11200111
 209. 11200112
 210. 11200113
 211. 11200114
 212. 11200115
 213. 11200118
 214. 11200122
 215. 11215101
 216. 11215102
 217. 11215103
 218. 11215104
 219. 11215105
 220. 11215107
 221. 11215109
 222. 11230101
 223. 11230102
 224. 11230103
 225. 11230104
 226. 11230105
 227. 11230106
 228. 11230107
 229. 11230108
 230. 11230109
 231. 11230110
 232. 11260101
 233. 11260102
 234. 11260103
 235. 11260104
 236. 11260105
 237. 11260106
 238. 11290101
 239. 11290102
 240. 11290103
 241. 11290104
 242. 11290105
 243. 11290106
 244. 11290107
 245. 11290108
 246. 11290109
 247. 11290110
 248. 11290111
 249. 11290112
 250. 11290113
 251. 11290114
 252. 11290115
 253. 11290116
 254. 11290117
 255. 11290118
 256. 11290119
 257. 11290120
 258. 11290121
 259. 11290122
 260. 11290123
 261. 11290124
 262. 11290125
 263. 11290126
 264. 11290127
 265. 11290128
 266. 11290129
 267. 11290130
 268. 11290131
 269. 11290132
 270. 11290133
 271. 11290134
 272. 11290135
 273. 11290136
 274. 11290137
 275. 11290138
 276. 11290139
 277. 11305101
 278. 11305102
 279. 11305103
 280. 11305104
 281. 11320105
 282. 11320106
 283. 11320107
 284. 11320108
 285. 11350102
 286. 11350103
 287. 11350104
 288. 11350105
 289. 11350106
 290. 11380101
 291. 11380102
 292. 11380103
 293. 11380104
 294. 11380105
 295. 11380106
 296. 11380107
 297. 11380108
 298. 11380109
 299. 11380110
 300. 11380114
 301. 11410101
 302. 11410102
 303. 11410103
 304. 11410104
 305. 11410105
 306. 11410106
 307. 11410107
 308. 11410108
 309. 11410109
 310. 11410110
 311. 11410111
 312. 11410112
 313. 11410113
 314. 11410114
 315. 11410115
 316. 11410116
 317. 11410117
 318. 11410118
 319. 11410119
 320. 11410120
 321. 11440101
 322. 11440102
 323. 11440103
 324. 11440104
 325. 11440105
 326. 11440106
 327. 11440107
 328. 11440108
 329. 11440109
 330. 11440110
 331. 11440111
 332. 11440112
 333. 11440113
 334. 11440114
 335. 11440115
 336. 11440116
 337. 11440117
 338. 11440118
 339. 11440120
 340. 11440121
 341. 11440122
 342. 11440123
 343. 11440124
 344. 11440125
 345. 11440126
 346. 11440127
 347. 11470101
 348. 11470102
 349. 11470103
 350. 11500101
 351. 11500102
 352. 11500103
 353. 11500104
 354. 11500105
 355. 11500106
 356. 11500107
 357. 11500108
 358. 11500109
 359. 11500110
 360. 11500111
 361. 11500112
 362. 11500113
 363. 11530101
 364. 11530102
 365. 11530103
 366. 11530106
 367. 11530107
 368. 11530108
 369. 11530109
 370. 11530110
 371. 11530111
 372. 11530112
 373. 11545101
 374. 11545102
 375. 11545103
 376. 11560101
 377. 11560102
 378. 11560103
 379. 11560104
 380. 11560105
 381. 11560106
 382. 11560107
 383. 11560108
 384. 11560109
 385. 11560110
 386. 11560111
 387. 11560112
 388. 11560113
 389. 11560114
 390. 11560115
 391. 11560116
 392. 11560117
 393. 11560118
 394. 11560119
 395. 11560120
 396. 11560121
 397. 11560122
 398. 11560123
 399. 11560124
 400. 11560125
 401. 11560126
 402. 11560127
 403. 11560128
 404. 11560129
 405. 11560130
 406. 11560131
 407. 11560132
 408. 11560133
 409. 11560134
 410. 11590101
 411. 11590102
 412. 11590103
 413. 11590104
 414. 11590105
 415. 11590106
 416. 11590107
 417. 11590108
 418. 11590109
 419. 11620101
 420. 11620102
 421. 11620103
 422. 11650101
 423. 11650102
 424. 11650103
 425. 11650104
 426. 11650106
 427. 11650107
 428. 11650108
 429. 11650109
 430. 11650110
 431. 11650111
 432. 11680101
 433. 11680103
 434. 11680104
 435. 11680105
 436. 11680106
 437. 11680107
 438. 11680108
 439. 11680110
 440. 11680111
 441. 11680112
 442. 11680113
 443. 11680114
 444. 11680115
 445. 11680118
 446. 11710101
 447. 11710102
 448. 11710103
 449. 11710104
 450. 11710105
 451. 11710106
 452. 11710107
 453. 11710108
 454. 11710109
 455. 11710111
 456. 11710112
 457. 11710113
 458. 11710114
 459. 11740101
 460. 11740102
 461. 11740103
 462. 11740105
 463. 11740106
 464. 11740107
 465. 11740108
 466. 11740109
 467. 11740110
 468. 26110101
 469. 26110102
 470. 26110103
 471. 26110104
 472. 26110105
 473. 26110106
 474. 26110107
 475. 26110108
 476. 26110109
 477. 26110110
 478. 26110111
 479. 26110112
 480. 26110113
 481. 26110114
 482. 26110115
 483. 26110116
 484. 26110117
 485. 26110118
 486. 26110119
 487. 26110120
 488. 26110121
 489. 26110122
 490. 26110123
 491. 26110124
 492. 26110125
 493. 26110126
 494. 26110127
 495. 26110128
 496. 26110129
 497. 26110130
 498. 26110131
 499. 26110132
 500. 26110133
 501. 26110134
 502. 26110135
 503. 26110136
 504. 26110137
 505. 26110138
 506. 26110139
 507. 26110140
 508. 26110141
 509. 26140101
 510. 26140102
 511. 26140103
 512. 26140104
 513. 26140105
 514. 26140106
 515. 26140107
 516. 26140108
 517. 26140109
 518. 26140110
 519. 26140111
 520. 26140112
 521. 26140113
 522. 26140114
 523. 26140115
 524. 26140116
 525. 26140117
 526. 26140118
 527. 26140119
 528. 26140120
 529. 26140121
 530. 26140122
 531. 26140123
 532. 26140124
 533. 26170101
 534. 26170102
 535. 26170103
 536. 26170104
 537. 26200101
 538. 26200102
 539. 26200103
 540. 26200104
 541. 26200105
 542. 26200106
 543. 26200107
 544. 26200108
 545. 26200109
 546. 26200110
 547. 26200111
 548. 26200112
 549. 26200113
 550. 26200114
 551. 26200115
 552. 26200116
 553. 26200117
 554. 26200118
 555. 26200119
 556. 26200120
 557. 26200121
 558. 26230101
 559. 26230102
 560. 26230103
 561. 26230104
 562. 26230105
 563. 26230106
 564. 26230107
 565. 26230108
 566. 26230109
 567. 26230110
 568. 26230111
 569. 26260101
 570. 26260102
 571. 26260103
 572. 26260104
 573. 26260105
 574. 26260106
 575. 26260107
 576. 26260108
 577. 26260109
 578. 26290106
 579. 26290107
 580. 26290108
 581. 26290109
 582. 26290110
 583. 26290111
 584. 26320101
 585. 26320102
 586. 26320103
 587. 26320104
 588. 26320105
 589. 26350101
 590. 26350102
 591. 26350103
 592. 26350104
 593. 26350105
 594. 26350106
 595. 26350107
 596. 26350108
 597. 26380101
 598. 26380102
 599. 26380103
 600. 26380104
 601. 26380105
 602. 26380106
 603. 26380107
 604. 26380108
 605. 26410101
 606. 26410102
 607. 26410103
 608. 26410104
 609. 26410105
 610. 26410106
 611. 26410107
 612. 26410108
 613. 26410109
 614. 26410110
 615. 26410111
 616. 26410112
 617. 26410113
 618. 26440101
 619. 26440102
 620. 26440103
 621. 26440104
 622. 26440105
 623. 26440106
 624. 26440107
 625. 26440108
 626. 26440109
 627. 26440110
 628. 26440111
 629. 26440112
 630. 26440113
 631. 26440114
 632. 26440115
 633. 26440116
 634. 26440117
 635. 26440118
 636. 26440119
 637. 26440120
 638. 26440121
 639. 26440122
 640. 26470101
 641. 26470102
 642. 26500101
 643. 26500102
 644. 26500103
 645. 26500104
 646. 26500105
 647. 26530101
 648. 26530102
 649. 26530103
 650. 26530104
 651. 26530105
 652. 26530106
 653. 26530107
 654. 26530108
 655. 26710250
 656. 26710253
 657. 26710256
 658. 26710259
 659. 26710330
 660. 27110101
 661. 27110102
 662. 27110103
 663. 27110104
 664. 27110105
 665. 27110106
 666. 27110107
 667. 27110108
 668. 27110109
 669. 27110110
 670. 27110111
 671. 27110112
 672. 27110113
 673. 27110114
 674. 27110115
 675. 27110116
 676. 27110117
 677. 27110118
 678. 27110119
 679. 27110120
 680. 27110121
 681. 27110122
 682. 27110123
 683. 27110124
 684. 27110125
 685. 27110126
 686. 27110127
 687. 27110128
 688. 27110129
 689. 27110130
 690. 27110131
 691. 27110132
 692. 27110133
 693. 27110134
 694. 27110135
 695. 27110136
 696. 27110137
 697. 27110138
 698. 27110139
 699. 27110140
 700. 27110141
 701. 27110142
 702. 27110143
 703. 27110144
 704. 27110145
 705. 27110146
 706. 27110147
 707. 27110148
 708. 27110149
 709. 27110150
 710. 27110151
 711. 27110152
 712. 27110153
 713. 27110154
 714. 27110155
 715. 27110156
 716. 27110157
 717. 27140101
 718. 27140102
 719. 27140103
 720. 27140104
 721. 27140105
 722. 27140106
 723. 27140107
 724. 27140108
 725. 27140109
 726. 27140110
 727. 27140111
 728. 27140112
 729. 27140113
 730. 27140114
 731. 27140115
 732. 27140116
 733. 27140117
 734. 27140118
 735. 27140119
 736. 27140120
 737. 27140121
 738. 27140122
 739. 27140123
 740. 27140124
 741. 27140125
 742. 27140126
 743. 27140127
 744. 27140128
 745. 27140129
 746. 27140130
 747. 27140131
 748. 27140132
 749. 27140133
 750. 27140134
 751. 27140135
 752. 27140136
 753. 27140137
 754. 27140138
 755. 27140139
 756. 27140140
 757. 27140141
 758. 27140142
 759. 27140143
 760. 27140144
 761. 27140145
 762. 27170101
 763. 27170102
 764. 27170103
 765. 27170104
 766. 27170105
 767. 27170106
 768. 27170107
 769. 27170108
 770. 27170109
 771. 27200101
 772. 27200102
 773. 27200103
 774. 27230101
 775. 27230102
 776. 27230103
 777. 27230104
 778. 27230105
 779. 27230106
 780. 27230107
 781. 27230108
 782. 27230109
 783. 27230110
 784. 27230111
 785. 27230112
 786. 27230113
 787. 27230114
 788. 27230115
 789. 27230116
 790. 27230117
 791. 27230118
 792. 27230119
 793. 27230120
 794. 27230121
 795. 27230122
 796. 27230123
 797. 27230124
 798. 27230125
 799. 27230126
 800. 27230127
 801. 27230128
 802. 27230129
 803. 27230130
 804. 27230131
 805. 27260101
 806. 27260102
 807. 27260103
 808. 27260104
 809. 27260105
 810. 27260106
 811. 27260107
 812. 27260108
 813. 27260109
 814. 27260110
 815. 27260111
 816. 27260112
 817. 27260113
 818. 27260114
 819. 27260115
 820. 27260116
 821. 27260117
 822. 27260118
 823. 27260119
 824. 27260120
 825. 27260122
 826. 27260123
 827. 27260124
 828. 27260125
 829. 27260126
 830. 27260127
 831. 27290101
 832. 27290102
 833. 27290104
 834. 27290105
 835. 27290106
 836. 27290107
 837. 27290108
 838. 27290109
 839. 27290110
 840. 27290111
 841. 27290112
 842. 27290113
 843. 27290114
 844. 27290115
 845. 27290116
 846. 27290117
 847. 27290118
 848. 27290119
 849. 27290120
 850. 27290121
 851. 27290122
 852. 27290123
 853. 27290124
 854. 27290125
 855. 27710250
 856. 27710253
 857. 27710256
 858. 27710259
 859. 27710262
 860. 27710265
 861. 27710310
 862. 27710330
 863. 27710380
 864. 27720250
 865. 27720310
 866. 27720320
 867. 27720330
 868. 27720340
 869. 27720350
 870. 27720360
 871. 27720370
 872. 28110101
 873. 28110102
 874. 28110103
 875. 28110104
 876. 28110105
 877. 28110106
 878. 28110107
 879. 28110108
 880. 28110109
 881. 28110110
 882. 28110111
 883. 28110112
 884. 28110113
 885. 28110114
 886. 28110115
 887. 28110116
 888. 28110117
 889. 28110118
 890. 28110119
 891. 28110120
 892. 28110121
 893. 28110122
 894. 28110123
 895. 28110124
 896. 28110125
 897. 28110126
 898. 28110127
 899. 28110128
 900. 28110129
 901. 28110130
 902. 28110131
 903. 28110132
 904. 28110133
 905. 28110134
 906. 28110135
 907. 28110136
 908. 28110137
 909. 28110138
 910. 28110139
 911. 28110140
 912. 28110141
 913. 28110142
 914. 28110143
 915. 28110144
 916. 28110145
 917. 28110146
 918. 28110147
 919. 28110148
 920. 28110149
 921. 28110150
 922. 28110151
 923. 28110152
 924. 28140101
 925. 28140102
 926. 28140103
 927. 28140104
 928. 28140105
 929. 28140106
 930. 28140107
 931. 28177101
 932. 28177102
 933. 28177103
 934. 28177104
 935. 28177105
 936. 28177106
 937. 28177107
 938. 28185101
 939. 28185102
 940. 28185103
 941. 28185104
 942. 28185105
 943. 28185106
 944. 28200101
 945. 28200102
 946. 28200103
 947. 28200104
 948. 28200105
 949. 28200106
 950. 28200107
 951. 28200108
 952. 28200109
 953. 28200110
 954. 28200111
 955. 28237101
 956. 28237102
 957. 28237103
 958. 28237104
 959. 28237105
 960. 28237106
 961. 28237107
 962. 28237108
 963. 28237109
 964. 28245101
 965. 28245102
 966. 28245103
 967. 28245104
 968. 28245105
 969. 28245106
 970. 28245107
 971. 28245108
 972. 28245109
 973. 28245110
 974. 28245111
 975. 28245112
 976. 28245113
 977. 28245114
 978. 28245115
 979. 28245116
 980. 28245117
 981. 28245118
 982. 28245119
 983. 28245120
 984. 28245121
 985. 28245122
 986. 28245123
 987. 28260101
 988. 28260102
 989. 28260103
 990. 28260104
 991. 28260105
 992. 28260106
 993. 28260107
 994. 28260108
 995. 28260109
 996. 28260110
 997. 28260111
 998. 28260112
 999. 28260113
1000. 28260114
1001. 28260115
1002. 28260117
1003. 28260118
1004. 28260119
1005. 28260120
1006. 28260121
1007. 28260122
1008. 28710250
1009. 28710310
1010. 28710320
1011. 28710330
1012. 28710340
1013. 28710350
1014. 28710360
1015. 28710370
1016. 28710380
1017. 28710390
1018. 28710400
1019. 28710410
1020. 28710420
1021. 28720310
1022. 28720330
1023. 28720340
1024. 28720350
1025. 28720360
1026. 28720370
1027. 28720380
1028. 29110101
1029. 29110102
1030. 29110103
1031. 29110104
1032. 29110105
1033. 29110106
1034. 29110107
1035. 29110108
1036. 29110109
1037. 29110110
1038. 29110111
1039. 29110112
1040. 29110113
1041. 29110114
1042. 29110115
1043. 29110116
1044. 29110117
1045. 29110118
1046. 29110119
1047. 29110120
1048. 29110121
1049. 29110122
1050. 29110123
1051. 29110124
1052. 29110125
1053. 29110126
1054. 29110127
1055. 29110128
1056. 29110129
1057. 29110130
1058. 29110131
1059. 29110132
1060. 29110133
1061. 29110134
1062. 29140104
1063. 29140106
1064. 29140115
1065. 29140116
1066. 29140117
1067. 29140118
1068. 29140119
1069. 29140120
1070. 29140121
1071. 29140125
1072. 29140126
1073. 29140127
1074. 29140128
1075. 29140129
1076. 29140130
1077. 29140131
1078. 29140132
1079. 29140133
1080. 29155101
1081. 29155102
1082. 29155103
1083. 29155104
1084. 29155105
1085. 29155106
1086. 29155107
1087. 29155108
1088. 29155109
1089. 29155110
1090. 29155111
1091. 29155112
1092. 29155113
1093. 29155114
1094. 29155115
1095. 29155116
1096. 29155117
1097. 29155118
1098. 29155119
1099. 29155120
1100. 29155121
1101. 29155122
1102. 29155123
1103. 29155124
1104. 29155125
1105. 29155126
1106. 29155127
1107. 29155128
1108. 29155129
1109. 29155130
1110. 29170101
1111. 29170102
1112. 29170103
1113. 29170104
1114. 29170105
1115. 29170106
1116. 29170107
1117. 29170108
1118. 29170109
1119. 29170110
1120. 29170111
1121. 29170112
1122. 29170113
1123. 29170114
1124. 29170115
1125. 29170116
1126. 29170117
1127. 29170118
1128. 29170119
1129. 29170120
1130. 29170121
1131. 29170122
1132. 29170123
1133. 29170124
1134. 29170125
1135. 29170126
1136. 29170127
1137. 29170128
1138. 29170129
1139. 29170130
1140. 29170131
1141. 29170132
1142. 29170133
1143. 29170134
1144. 29170135
1145. 29170136
1146. 29170137
1147. 29170138
1148. 29170139
1149. 29170140
1150. 29170141
1151. 29200101
1152. 29200102
1153. 29200103
1154. 29200104
1155. 29200105
1156. 29200106
1157. 29200107
1158. 29200108
1159. 29200109
1160. 29200110
1161. 29200111
1162. 29200112
1163. 29200113
1164. 29200114
1165. 29200115
1166. 29200116
1167. 29200117
1168. 29200118
1169. 29200119
1170. 29200120
1171. 29200121
1172. 29200122
1173. 29200123
1174. 29200124
1175. 29200125
1176. 29200126
1177. 29200127
1178. 29200128
1179. 29200129
1180. 29200130
1181. 29200131
1182. 29200132
1183. 29200133
1184. 29200134
1185. 29200135
1186. 29200136
1187. 29200137
1188. 29200138
1189. 29200139
1190. 29200140
1191. 29200141
1192. 29200142
1193. 29200143
1194. 29200144
1195. 29200145
1196. 29200146
1197. 29200147
1198. 29200148
1199. 29200149
1200. 29200150
1201. 29200151
1202. 29200152
1203. 29200153
1204. 29200154
1205. 29200155
1206. 29200156
1207. 29200157
1208. 29200158
1209. 29200159
1210. 29200160
1211. 29200161
1212. 29200162
1213. 29200163
1214. 29200164
1215. 29200165
1216. 29200166
1217. 29200167
1218. 29200168
1219. 29200169
1220. 29200170
1221. 29200171
1222. 29200172
1223. 29200173
1224. 29200174
1225. 29200175
1226. 29200176
1227. 29200177
1228. 29200178
1229. 29200202
1230. 30110101
1231. 30110102
1232. 30110103
1233. 30110104
1234. 30110105
1235. 30110106
1236. 30110107
1237. 30110108
1238. 30110109
1239. 30110110
1240. 30110111
1241. 30110112
1242. 30110113
1243. 30110114
1244. 30110115
1245. 30110116
1246. 30110117
1247. 30110118
1248. 30110119
1249. 30110120
1250. 30110121
1251. 30110122
1252. 30110123
1253. 30110124
1254. 30110125
1255. 30110126
1256. 30110127
1257. 30110128
1258. 30110129
1259. 30110130
1260. 30110131
1261. 30110132
1262. 30110133
1263. 30110134
1264. 30110135
1265. 30110136
1266. 30110137
1267. 30110138
1268. 30110139
1269. 30110140
1270. 30110141
1271. 30110142
1272. 30110143
1273. 30110144
1274. 30110145
1275. 30140101
1276. 30140102
1277. 30140103
1278. 30140104
1279. 30140105
1280. 30140106
1281. 30140107
1282. 30140108
1283. 30140109
1284. 30140110
1285. 30140111
1286. 30140112
1287. 30140113
1288. 30140114
1289. 30140115
1290. 30140116
1291. 30140117
1292. 30140118
1293. 30140119
1294. 30140120
1295. 30140121
1296. 30140122
1297. 30140123
1298. 30140124
1299. 30140125
1300. 30140126
1301. 30170101
1302. 30170102
1303. 30170103
1304. 30170104
1305. 30170105
1306. 30170106
1307. 30170108
1308. 30170109
1309. 30170110
1310. 30170111
1311. 30170112
1312. 30170113
1313. 30170114
1314. 30170115
1315. 30170116
1316. 30170117
1317. 30170118
1318. 30170119
1319. 30170120
1320. 30170121
1321. 30170122
1322. 30170123
1323. 30170124
1324. 30170125
1325. 30170126
1326. 30170127
1327. 30170128
1328. 30200101
1329. 30200102
1330. 30200103
1331. 30200104
1332. 30200105
1333. 30200106
1334. 30200107
1335. 30200108
1336. 30200109
1337. 30200110
1338. 30200111
1339. 30200112
1340. 30200113
1341. 30200114
1342. 30200115
1343. 30200116
1344. 30200117
1345. 30200118
1346. 30200119
1347. 30200120
1348. 30200121
1349. 30200122
1350. 30200123
1351. 30200124
1352. 30200125
1353. 30200126
1354. 30200127
1355. 30200128
1356. 30200129
1357. 30200130
1358. 30200131
1359. 30200132
1360. 30200133
1361. 30200134
1362. 30200135
1363. 30200136
1364. 30200137
1365. 30200138
1366. 30200139
1367. 30200140
1368. 30200141
1369. 30200142
1370. 30200143
1371. 30200144
1372. 30200145
1373. 30200146
1374. 30200147
1375. 30200148
1376. 30200149
1377. 30200150
1378. 30200151
1379. 30200152
1380. 30200153
1381. 30230101
1382. 30230102
1383. 30230103
1384. 30230104
1385. 30230105
1386. 30230106
1387. 30230107
1388. 30230108
1389. 30230109
1390. 30230110
1391. 30230111
1392. 30230112
1393. 30230113
1394. 30230114
1395. 30230115
1396. 30230116
1397. 30230117
1398. 30230118
1399. 30230119
1400. 30230120
1401. 30230121
1402. 30230122
1403. 30230123
1404. 30230124
1405. 30230125
1406. 30230126
1407. 31110101
1408. 31110102
1409. 31110103
1410. 31110104
1411. 31110105
1412. 31110106
1413. 31110107
1414. 31110108
1415. 31110109
1416. 31110110
1417. 31110111
1418. 31110112
1419. 31110113
1420. 31110114
1421. 31110115
1422. 31110116
1423. 31110117
1424. 31110118
1425. 31140101
1426. 31140102
1427. 31140103
1428. 31140104
1429. 31140105
1430. 31140106
1431. 31140107
1432. 31140108
1433. 31140109
1434. 31140110
1435. 31140111
1436. 31140112
1437. 31140113
1438. 31140114
1439. 31140115
1440. 31140116
1441. 31140117
1442. 31140118
1443. 31140119
1444. 31170101
1445. 31170102
1446. 31170103
1447. 31170104
1448. 31170105
1449. 31170106
1450. 31170107
1451. 31170108
1452. 31200101
1453. 31200102
1454. 31200103
1455. 31200104
1456. 31200105
1457. 31200106
1458. 31200107
1459. 31200108
1460. 31200109
1461. 31200110
1462. 31200111
1463. 31200112
1464. 31200113
1465. 31200114
1466. 31200115
1467. 31200116
1468. 31200117
1469. 31200118
1470. 31200119
1471. 31200120
1472. 31200121
1473. 31200122
1474. 31200123
1475. 31200124
1476. 31200125
1477. 31200126
1478. 31200127
1479. 31710250
1480. 31710253
1481. 31710256
1482. 31710259
1483. 31710262
1484. 31710265
1485. 31710310
1486. 31710340
1487. 31710360
1488. 31710370
1489. 31710380
1490. 31710400
1491. 36110101
1492. 36110102
1493. 36110103
1494. 36110104
1495. 36110105
1496. 36110106
1497. 36110107
1498. 36110108
1499. 36110109
1500. 36110110
1501. 36110111
1502. 36110112
1503. 36110113
1504. 36110114
1505. 36110115
1506. 36110116
1507. 36110117
1508. 36110118
1509. 36110119
1510. 36110120
1511. 36110121
1512. 36110122
1513. 36110123
1514. 36110250
1515. 36110310
1516. 36110320
1517. 36110330
1518. 36110340
1519. 36110350
1520. 36110360
1521. 36110370
1522. 36110380
1523. 36110390
1524. 41111129
1525. 41111130
1526. 41111131
1527. 41111132
1528. 41111133
1529. 41111134
1530. 41111135
1531. 41111136
1532. 41111137
1533. 41111138
1534. 41111139
1535. 41113126
1536. 41113127
1537. 41113128
1538. 41113129
1539. 41113130
1540. 41113131
1541. 41113132
1542. 41113133
1543. 41113134
1544. 41113135
1545. 41113136
1546. 41113137
1547. 41113138
1548. 41113139
1549. 41113140
1550. 41113141
1551. 41115120
1552. 41115121
1553. 41115122
1554. 41115123
1555. 41115124
1556. 41115125
1557. 41115126
1558. 41115127
1559. 41115128
1560. 41115129
1561. 41115130
1562. 41115131
1563. 41115132
1564. 41115133
1565. 41115134
1566. 41115135
1567. 41115136
1568. 41115137
1569. 41115138
1570. 41115139
1571. 41115140
1572. 41115141
1573. 41117101
1574. 41117102
1575. 41117103
1576. 41117104
1577. 41117105
1578. 41117106
1579. 41117107
1580. 41131101
1581. 41131102
1582. 41131103
1583. 41131104
1584. 41131105
1585. 41131106
1586. 41131107
1587. 41131108
1588. 41131109
1589. 41131110
1590. 41131111
1591. 41131112
1592. 41131113
1593. 41131114
1594. 41131115
1595. 41131116
1596. 41131117
1597. 41133101
1598. 41133103
1599. 41133104
1600. 41133105
1601. 41133106
1602. 41133107
1603. 41133108
1604. 41133109
1605. 41133132
1606. 41135101
1607. 41135102
1608. 41135103
1609. 41135104
1610. 41135105
1611. 41135106
1612. 41135107
1613. 41135108
1614. 41135109
1615. 41135110
1616. 41135111
1617. 41135112
1618. 41135113
1619. 41135114
1620. 41135115
1621. 41135116
1622. 41135117
1623. 41135118
1624. 41150101
1625. 41150102
1626. 41150103
1627. 41150104
1628. 41150105
1629. 41150106
1630. 41150107
1631. 41150108
1632. 41150109
1633. 41150110
1634. 41150111
1635. 41150112
1636. 41150113
1637. 41171101
1638. 41171102
1639. 41171103
1640. 41173101
1641. 41173102
1642. 41173103
1643. 41173104
1644. 41190101
1645. 41190102
1646. 41190103
1647. 41190104
1648. 41190105
1649. 41190106
1650. 41190107
1651. 41190108
1652. 41190109
1653. 41190110
1654. 41190111
1655. 41190112
1656. 41190113
1657. 41190114
1658. 41190115
1659. 41190116
1660. 41190117
1661. 41190118
1662. 41190119
1663. 41190120
1664. 41190121
1665. 41190122
1666. 41190123
1667. 41190124
1668. 41210101
1669. 41210102
1670. 41210103
1671. 41210104
1672. 41210105
1673. 41210106
1674. 41210107
1675. 41210108
1676. 41220101
1677. 41220102
1678. 41220103
1679. 41220104
1680. 41220105
1681. 41220106
1682. 41220107
1683. 41220108
1684. 41220109
1685. 41220110
1686. 41220111
1687. 41220112
1688. 41220113
1689. 41220114
1690. 41220115
1691. 41220116
1692. 41220117
1693. 41220118
1694. 41220119
1695. 41220120
1696. 41220121
1697. 41220122
1698. 41220123
1699. 41220124
1700. 41220125
1701. 41220126
1702. 41220127
1703. 41220128
1704. 41220250
1705. 41220253
1706. 41220256
1707. 41220259
1708. 41220310
1709. 41220320
1710. 41220330
1711. 41220340
1712. 41220370
1713. 41250101
1714. 41250102
1715. 41250103
1716. 41250104
1717. 41250105
1718. 41250106
1719. 41250107
1720. 41250108
1721. 41250109
1722. 41250110
1723. 41250111
1724. 41250112
1725. 41271101
1726. 41271102
1727. 41271103
1728. 41271104
1729. 41271105
1730. 41271106
1731. 41271107
1732. 41271108
1733. 41271109
1734. 41271110
1735. 41271111
1736. 41271112
1737. 41271113
1738. 41271114
1739. 41271115
1740. 41273101
1741. 41273102
1742. 41273103
1743. 41273104
1744. 41273105
1745. 41273106
1746. 41273107
1747. 41273108
1748. 41273109
1749. 41273110
1750. 41273111
1751. 41273112
1752. 41273113
1753. 41273114
1754. 41273115
1755. 41281101
1756. 41281102
1757. 41281103
1758. 41281104
1759. 41281105
1760. 41281106
1761. 41281107
1762. 41281108
1763. 41281109
1764. 41281110
1765. 41281111
1766. 41281112
1767. 41281113
1768. 41281114
1769. 41281115
1770. 41281116
1771. 41281117
1772. 41281118
1773. 41281119
1774. 41281120
1775. 41281121
1776. 41281122
1777. 41281123
1778. 41281124
1779. 41281125
1780. 41281126
1781. 41281127
1782. 41281128
1783. 41281129
1784. 41281130
1785. 41281131
1786. 41281132
1787. 41285101
1788. 41285102
1789. 41285103
1790. 41285104
1791. 41285105
1792. 41285106
1793. 41285107
1794. 41285108
1795. 41285109
1796. 41285110
1797. 41285111
1798. 41285112
1799. 41285113
1800. 41287101
1801. 41287102
1802. 41287103
1803. 41287104
1804. 41287105
1805. 41287106
1806. 41287107
1807. 41287108
1808. 41290101
1809. 41290102
1810. 41290103
1811. 41290104
1812. 41290105
1813. 41290106
1814. 41290107
1815. 41290108
1816. 41290109
1817. 41290110
1818. 41310101
1819. 41310102
1820. 41310103
1821. 41310104
1822. 41310105
1823. 41310106
1824. 41310107
1825. 41360101
1826. 41360102
1827. 41360103
1828. 41360104
1829. 41360105
1830. 41360106
1831. 41360108
1832. 41360109
1833. 41360110
1834. 41360111
1835. 41360112
1836. 41360250
1837. 41360253
1838. 41360256
1839. 41360259
1840. 41360262
1841. 41360265
1842. 41360310
1843. 41360340
1844. 41360360
1845. 41370101
1846. 41370102
1847. 41370103
1848. 41370104
1849. 41370105
1850. 41370106
1851. 41370107
1852. 41370108
1853. 41370109
1854. 41370110
1855. 41370111
1856. 41370112
1857. 41370113
1858. 41370114
1859. 41370115
1860. 41370116
1861. 41370117
1862. 41370118
1863. 41370119
1864. 41370120
1865. 41370121
1866. 41370122
1867. 41370123
1868. 41370124
1869. 41390101
1870. 41390102
1871. 41390103
1872. 41390104
1873. 41390105
1874. 41390106
1875. 41390107
1876. 41390108
1877. 41390109
1878. 41390110
1879. 41390112
1880. 41390113
1881. 41390117
1882. 41390118
1883. 41390119
1884. 41390120
1885. 41390121
1886. 41390122
1887. 41390123
1888. 41390124
1889. 41390125
1890. 41390126
1891. 41390127
1892. 41390128
1893. 41390129
1894. 41390130
1895. 41390131
1896. 41390132
1897. 41390133
1898. 41390134
1899. 41390135
1900. 41410101
1901. 41410102
1902. 41410103
1903. 41410104
1904. 41410105
1905. 41410106
1906. 41410107
1907. 41410108
1908. 41410109
1909. 41430101
1910. 41430102
1911. 41430103
1912. 41430104
1913. 41430105
1914. 41430106
1915. 41430107
1916. 41430108
1917. 41430109
1918. 41430110
1919. 41430111
1920. 41450101
1921. 41450102
1922. 41450103
1923. 41450104
1924. 41450105
1925. 41450106
1926. 41450107
1927. 41450108
1928. 41450109
1929. 41450110
1930. 41450111
1931. 41450112
1932. 41450113
1933. 41450114
1934. 41450115
1935. 41450116
1936. 41450117
1937. 41450118
1938. 41450119
1939. 41450120
1940. 41450121
1941. 41450122
1942. 41450123
1943. 41450124
1944. 41461101
1945. 41461102
1946. 41461103
1947. 41461104
1948. 41461105
1949. 41461106
1950. 41461107
1951. 41461108
1952. 41461109
1953. 41461110
1954. 41461250
1955. 41461253
1956. 41461256
1957. 41461259
1958. 41461340
1959. 41461350
1960. 41461360
1961. 41463101
1962. 41463102
1963. 41463103
1964. 41463104
1965. 41463105
1966. 41463106
1967. 41463107
1968. 41463108
1969. 41463109
1970. 41463110
1971. 41463111
1972. 41463112
1973. 41463113
1974. 41463114
1975. 41463115
1976. 41463116
1977. 41463117
1978. 41463118
1979. 41465101
1980. 41465102
1981. 41465103
1982. 41465104
1983. 41465105
1984. 41465106
1985. 41465107
1986. 41480101
1987. 41480102
1988. 41480104
1989. 41480105
1990. 41480106
1991. 41480107
1992. 41480108
1993. 41480109
1994. 41480110
1995. 41480111
1996. 41480112
1997. 41480113
1998. 41480114
1999. 41480115
2000. 41480116
2001. 41480117
2002. 41480118
2003. 41480119
2004. 41480120
2005. 41480121
2006. 41480122
2007. 41480123
2008. 41480250
2009. 41480253
2010. 41480256
2011. 41480262
2012. 41480310
2013. 41480320
2014. 41480350
2015. 41480360
2016. 41480370
2017. 41480380
2018. 41480390
2019. 41480400
2020. 41480410
2021. 41500101
2022. 41500102
2023. 41500103
2024. 41500104
2025. 41500105
2026. 41500106
2027. 41500107
2028. 41500108
2029. 41500109
2030. 41500110
2031. 41500111
2032. 41500112
2033. 41500113
2034. 41500114
2035. 41500115
2036. 41500250
2037. 41500253
2038. 41500310
2039. 41500320
2040. 41500330
2041. 41500340
2042. 41500350
2043. 41500360
2044. 41500370
2045. 41500380
2046. 41550101
2047. 41550102
2048. 41550103
2049. 41550104
2050. 41550105
2051. 41550106
2052. 41550107
2053. 41550108
2054. 41550109
2055. 41550110
2056. 41550111
2057. 41550112
2058. 41550113
2059. 41550114
2060. 41550115
2061. 41550116
2062. 41550117
2063. 41550118
2064. 41550119
2065. 41550120
2066. 41550121
2067. 41550122
2068. 41550123
2069. 41550124
2070. 41550125
2071. 41550126
2072. 41550127
2073. 41550128
2074. 41550129
2075. 41550130
2076. 41550131
2077. 41550132
2078. 41550133
2079. 41550250
2080. 41550310
2081. 41550320
2082. 41550330
2083. 41550340
2084. 41550350
2085. 41550360
2086. 41550380
2087. 41550390
2088. 41550400
2089. 41550410
2090. 41550420
2091. 41570101
2092. 41570102
2093. 41570103
2094. 41570104
2095. 41570105
2096. 41570106
2097. 41570107
2098. 41570108
2099. 41570109
2100. 41570250
2101. 41570253
2102. 41570256
2103. 41570340
2104. 41570350
2105. 41570360
2106. 41590116
2107. 41590117
2108. 41590118
2109. 41590119
2110. 41590120
2111. 41590121
2112. 41590122
2113. 41590123
2114. 41590124
2115. 41590125
2116. 41590126
2117. 41590127
2118. 41590128
2119. 41590129
2120. 41590130
2121. 41590131
2122. 41590132
2123. 41590133
2124. 41590134
2125. 41590135
2126. 41590136
2127. 41590137
2128. 41590138
2129. 41590139
2130. 41590253
2131. 41590256
2132. 41590259
2133. 41590262
2134. 41590310
2135. 41590320
2136. 41590330
2137. 41590340
2138. 41590350
2139. 41590360
2140. 41590370
2141. 41590400
2142. 41590410
2143. 41610101
2144. 41610102
2145. 41610103
2146. 41610104
2147. 41610105
2148. 41610106
2149. 41610107
2150. 41610108
2151. 41610109
2152. 41610110
2153. 41610111
2154. 41610112
2155. 41610113
2156. 41610114
2157. 41610115
2158. 41610116
2159. 41610117
2160. 41610118
2161. 41610119
2162. 41610120
2163. 41610253
2164. 41610259
2165. 41610330
2166. 41610340
2167. 41610350
2168. 41610370
2169. 41630101
2170. 41630102
2171. 41630103
2172. 41630104
2173. 41630105
2174. 41630106
2175. 41630107
2176. 41630108
2177. 41630109
2178. 41630110
2179. 41630111
2180. 41630112
2181. 41630113
2182. 41630114
2183. 41630115
2184. 41630116
2185. 41630117
2186. 41630250
2187. 41630310
2188. 41630320
2189. 41630330
2190. 41630340
2191. 41650101
2192. 41650102
2193. 41650103
2194. 41650104
2195. 41650105
2196. 41650106
2197. 41650250
2198. 41650310
2199. 41650320
2200. 41650330
2201. 41650340
2202. 41650350
2203. 41650360
2204. 41650370
2205. 41650380
2206. 41650390
2207. 41650400
2208. 41650410
2209. 41670101
2210. 41670102
2211. 41670103
2212. 41670104
2213. 41670105
2214. 41670106
2215. 41670107
2216. 41670108
2217. 41670109
2218. 41670110
2219. 41670111
2220. 41670112
2221. 41670113
2222. 41670114
2223. 41670115
2224. 41670116
2225. 41670117
2226. 41670118
2227. 41670119
2228. 41670120
2229. 41670121
2230. 41670122
2231. 41670123
2232. 41670250
2233. 41670310
2234. 41670320
2235. 41670330
2236. 41670345
2237. 41670350
2238. 41670360
2239. 41670370
2240. 41670380
2241. 41800250
2242. 41800253
2243. 41800310
2244. 41800320
2245. 41800330
2246. 41800340
2247. 41800350
2248. 41800360
2249. 41800370
2250. 41800380
2251. 41820250
2252. 41820310
2253. 41820325
2254. 41820330
2255. 41820345
2256. 41820350
2257. 41830250
2258. 41830310
2259. 41830320
2260. 41830330
2261. 41830340
2262. 41830350
2263. 41830360
2264. 41830370
2265. 41830380
2266. 41830395
2267. 41830400
2268. 41830410
2269. 43111101
2270. 43111102
2271. 43111103
2272. 43111104
2273. 43111105
2274. 43111106
2275. 43111107
2276. 43111108
2277. 43111109
2278. 43111110
2279. 43111111
2280. 43111112
2281. 43111117
2282. 43111118
2283. 43111119
2284. 43111120
2285. 43111121
2286. 43111122
2287. 43111123
2288. 43111124
2289. 43111125
2290. 43111126
2291. 43111127
2292. 43111128
2293. 43111129
2294. 43111130
2295. 43111310
2296. 43111320
2297. 43111330
2298. 43111340
2299. 43111350
2300. 43112101
2301. 43112102
2302. 43112103
2303. 43112104
2304. 43112105
2305. 43112106
2306. 43112107
2307. 43112108
2308. 43112109
2309. 43112110
2310. 43112111
2311. 43112112
2312. 43112310
2313. 43112320
2314. 43113104
2315. 43113105
2316. 43113113
2317. 43113114
2318. 43113115
2319. 43113116
2320. 43113117
2321. 43113118
2322. 43113119
2323. 43113120
2324. 43113121
2325. 43113122
2326. 43113123
2327. 43113124
2328. 43113125
2329. 43113126
2330. 43113127
2331. 43113128
2332. 43113129
2333. 43113130
2334. 43113131
2335. 43113132
2336. 43113133
2337. 43113134
2338. 43113135
2339. 43113136
2340. 43113137
2341. 43113138
2342. 43113139
2343. 43113140
2344. 43113141
2345. 43113250
2346. 43113310
2347. 43113320
2348. 43114101
2349. 43114102
2350. 43114103
2351. 43114104
2352. 43114105
2353. 43114106
2354. 43114107
2355. 43114108
2356. 43114109
2357. 43114110
2358. 43114111
2359. 43114112
2360. 43114113
2361. 43114250
2362. 43114253
2363. 43114310
2364. 43130101
2365. 43130102
2366. 43130103
2367. 43130104
2368. 43130105
2369. 43130106
2370. 43130107
2371. 43130108
2372. 43130109
2373. 43130110
2374. 43130111
2375. 43130112
2376. 43130113
2377. 43130114
2378. 43130115
2379. 43130116
2380. 43130118
2381. 43130119
2382. 43130120
2383. 43130121
2384. 43130122
2385. 43130123
2386. 43130124
2387. 43130125
2388. 43130127
2389. 43130128
2390. 43130250
2391. 43130310
2392. 43130325
2393. 43130335
2394. 43130350
2395. 43130360
2396. 43130370
2397. 43130385
2398. 43130390
2399. 43130400
2400. 43130410
2401. 43130420
2402. 43130430
2403. 43150101
2404. 43150102
2405. 43150103
2406. 43150104
2407. 43150105
2408. 43150106
2409. 43150107
2410. 43150108
2411. 43150109
2412. 43150110
2413. 43150111
2414. 43150112
2415. 43150113
2416. 43150114
2417. 43150115
2418. 43150116
2419. 43150117
2420. 43150118
2421. 43150119
2422. 43150120
2423. 43150121
2424. 43150122
2425. 43150123
2426. 43150124
2427. 43150125
2428. 43150126
2429. 43150127
2430. 43150128
2431. 43150250
2432. 43150310
2433. 43150320
2434. 43150330
2435. 43150340
2436. 43150350
2437. 43150360
2438. 43150380
2439. 43720250
2440. 43720315
2441. 43720325
2442. 43720330
2443. 43720340
2444. 43720350
2445. 43720360
2446. 43720370
2447. 43720385
2448. 43720390
2449. 43720400
2450. 43730250
2451. 43730310
2452. 43730320
2453. 43730330
2454. 43730340
2455. 43730350
2456. 43730360
2457. 43730370
2458. 43730380
2459. 43740250
2460. 43740310
2461. 43740320
2462. 43740335
2463. 43740340
2464. 43740350
2465. 43740360
2466. 43740370
2467. 43740380
2468. 43740390
2469. 43740400
2470. 43745250
2471. 43745310
2472. 43750250
2473. 43750253
2474. 43750320
2475. 43750330
2476. 43750340
2477. 43750350
2478. 43750370
2479. 43760250
2480. 43760310
2481. 43760320
2482. 43760330
2483. 43760340
2484. 43760350
2485. 43760360
2486. 43760370
2487. 43760390
2488. 43760400
2489. 43760410
2490. 43770250
2491. 43770253
2492. 43770310
2493. 43770320
2494. 43770330
2495. 43770340
2496. 43770350
2497. 43770360
2498. 43770370
2499. 43800250
2500. 43800253
2501. 43800310
2502. 43800320
2503. 43800330
2504. 43800340
2505. 43800350
2506. 43800360
2507. 44131101
2508. 44131102
2509. 44131103
2510. 44131104
2511. 44131105
2512. 44131106
2513. 44131107
2514. 44131108
2515. 44131109
2516. 44131110
2517. 44131111
2518. 44131112
2519. 44131113
2520. 44131114
2521. 44131115
2522. 44131116
2523. 44131117
2524. 44131118
2525. 44131119
2526. 44131120
2527. 44131250
2528. 44131310
2529. 44131320
2530. 44131330
2531. 44131340
2532. 44131350
2533. 44131360
2534. 44131370
2535. 44133101
2536. 44133102
2537. 44133103
2538. 44133104
2539. 44133105
2540. 44133106
2541. 44133107
2542. 44133108
2543. 44133109
2544. 44133110
2545. 44133111
2546. 44133250
2547. 44133253
2548. 44133256
2549. 44133310
2550. 44150101
2551. 44150102
2552. 44150103
2553. 44150104
2554. 44150105
2555. 44150106
2556. 44150107
2557. 44150108
2558. 44150109
2559. 44150110
2560. 44150111
2561. 44150112
2562. 44150113
2563. 44150114
2564. 44150115
2565. 44150116
2566. 44150117
2567. 44150118
2568. 44150119
2569. 44150120
2570. 44150121
2571. 44150122
2572. 44150123
2573. 44150124
2574. 44150125
2575. 44150126
2576. 44150127
2577. 44150250
2578. 44150310
2579. 44150320
2580. 44150330
2581. 44150340
2582. 44150360
2583. 44150370
2584. 44150380
2585. 44150390
2586. 44150400
2587. 44180101
2588. 44180102
2589. 44180103
2590. 44180104
2591. 44180105
2592. 44180106
2593. 44180107
2594. 44180108
2595. 44180109
2596. 44180110
2597. 44180250
2598. 44180310
2599. 44180320
2600. 44180330
2601. 44180340
2602. 44180350
2603. 44180360
2604. 44180380
2605. 44180390
2606. 44180400
2607. 44180410
2608. 44200101
2609. 44200102
2610. 44200103
2611. 44200104
2612. 44200105
2613. 44200106
2614. 44200107
2615. 44200108
2616. 44200109
2617. 44200110
2618. 44200111
2619. 44200112
2620. 44200113
2621. 44200114
2622. 44200115
2623. 44200116
2624. 44200117
2625. 44200118
2626. 44200119
2627. 44200250
2628. 44200253
2629. 44200310
2630. 44200330
2631. 44200350
2632. 44200360
2633. 44200370
2634. 44200380
2635. 44200390
2636. 44200400
2637. 44200410
2638. 44210101
2639. 44210102
2640. 44210103
2641. 44210104
2642. 44210105
2643. 44210106
2644. 44210107
2645. 44210108
2646. 44210109
2647. 44210110
2648. 44210111
2649. 44210112
2650. 44210113
2651. 44210114
2652. 44210250
2653. 44210310
2654. 44210320
2655. 44210330
2656. 44210340
2657. 44210360
2658. 44210370
2659. 44210380
2660. 44210390
2661. 44210400
2662. 44230101
2663. 44230102
2664. 44230103
2665. 44230104
2666. 44230105
2667. 44230106
2668. 44230107
2669. 44230108
2670. 44230109
2671. 44230110
2672. 44230111
2673. 44230250
2674. 44230253
2675. 44230310
2676. 44230320
2677. 44230330
2678. 44230340
2679. 44230350
2680. 44230360
2681. 44230380
2682. 44230390
2683. 44230400
2684. 44230410
2685. 44230420
2686. 44250101
2687. 44250310
2688. 44250315
2689. 44250330
2690. 44270101
2691. 44270102
2692. 44270103
2693. 44270104
2694. 44270105
2695. 44270106
2696. 44270107
2697. 44270108
2698. 44270109
2699. 44270110
2700. 44270111
2701. 44270250
2702. 44270253
2703. 44270310
2704. 44270320
2705. 44270330
2706. 44270340
2707. 44270350
2708. 44270360
2709. 44270370
2710. 44270380
2711. 44270390
2712. 44710250
2713. 44710310
2714. 44710320
2715. 44710330
2716. 44710340
2717. 44710350
2718. 44710360
2719. 44710370
2720. 44710380
2721. 44710390
2722. 44760250
2723. 44760310
2724. 44760320
2725. 44760330
2726. 44760340
2727. 44760350
2728. 44760360
2729. 44760370
2730. 44760380
2731. 44760390
2732. 44760400
2733. 44760410
2734. 44760420
2735. 44760430
2736. 44760440
2737. 44760450
2738. 44770250
2739. 44770253
2740. 44770310
2741. 44770320
2742. 44770330
2743. 44770340
2744. 44770350
2745. 44770360
2746. 44770370
2747. 44770380
2748. 44770390
2749. 44770400
2750. 44770410
2751. 44790250
2752. 44790310
2753. 44790320
2754. 44790330
2755. 44790340
2756. 44790350
2757. 44790360
2758. 44790370
2759. 44790380
2760. 44790390
2761. 44800250
2762. 44800253
2763. 44800256
2764. 44800320
2765. 44800330
2766. 44800340
2767. 44800350
2768. 44800360
2769. 44800370
2770. 44800380
2771. 44800390
2772. 44810250
2773. 44810253
2774. 44810310
2775. 44810320
2776. 44810330
2777. 44810340
2778. 44810350
2779. 44810360
2780. 44810370
2781. 44810380
2782. 44810390
2783. 44810400
2784. 44825250
2785. 44825253
2786. 44825310
2787. 44825320
2788. 44825330
2789. 44825340
2790. 44825350
2791. 44825360
2792. 45111101
2793. 45111102
2794. 45111103
2795. 45111104
2796. 45111105
2797. 45111106
2798. 45111107
2799. 45111108
2800. 45111109
2801. 45111110
2802. 45111111
2803. 45111112
2804. 45111113
2805. 45111114
2806. 45111115
2807. 45111116
2808. 45111117
2809. 45111118
2810. 45111119
2811. 45111120
2812. 45111121
2813. 45111122
2814. 45111123
2815. 45111124
2816. 45111125
2817. 45111126
2818. 45111127
2819. 45111128
2820. 45111129
2821. 45111130
2822. 45111131
2823. 45111132
2824. 45111133
2825. 45111134
2826. 45111135
2827. 45111136
2828. 45111137
2829. 45111138
2830. 45111139
2831. 45111140
2832. 45111141
2833. 45111142
2834. 45111143
2835. 45111144
2836. 45111145
2837. 45111147
2838. 45113102
2839. 45113103
2840. 45113104
2841. 45113105
2842. 45113106
2843. 45113107
2844. 45113108
2845. 45113109
2846. 45113110
2847. 45113111
2848. 45113112
2849. 45113113
2850. 45113114
2851. 45113115
2852. 45113116
2853. 45113117
2854. 45113118
2855. 45113119
2856. 45113120
2857. 45113121
2858. 45113122
2859. 45113123
2860. 45113124
2861. 45113125
2862. 45113126
2863. 45113127
2864. 45113129
2865. 45113130
2866. 45113131
2867. 45113132
2868. 45113133
2869. 45113134
2870. 45113135
2871. 45113136
2872. 45113137
2873. 45113138
2874. 45113139
2875. 45130101
2876. 45130102
2877. 45130103
2878. 45130104
2879. 45130105
2880. 45130106
2881. 45130107
2882. 45130108
2883. 45130109
2884. 45130110
2885. 45130111
2886. 45130112
2887. 45130113
2888. 45130114
2889. 45130115
2890. 45130116
2891. 45130117
2892. 45130118
2893. 45130119
2894. 45130120
2895. 45130121
2896. 45130122
2897. 45130123
2898. 45130124
2899. 45130125
2900. 45130126
2901. 45130127
2902. 45130128
2903. 45130129
2904. 45130130
2905. 45130131
2906. 45130132
2907. 45130133
2908. 45130134
2909. 45130135
2910. 45130136
2911. 45130137
2912. 45130138
2913. 45130139
2914. 45130140
2915. 45130141
2916. 45130142
2917. 45130143
2918. 45130144
2919. 45130145
2920. 45130146
2921. 45130147
2922. 45130148
2923. 45130149
2924. 45130150
2925. 45130151
2926. 45130152
2927. 45130250
2928. 45130310
2929. 45130320
2930. 45130330
2931. 45130340
2932. 45130350
2933. 45130360
2934. 45130370
2935. 45130380
2936. 45130390
2937. 45130400
2938. 45140101
2939. 45140102
2940. 45140103
2941. 45140104
2942. 45140105
2943. 45140106
2944. 45140107
2945. 45140108
2946. 45140109
2947. 45140110
2948. 45140111
2949. 45140112
2950. 45140113
2951. 45140114
2952. 45140115
2953. 45140116
2954. 45140117
2955. 45140118
2956. 45140119
2957. 45140120
2958. 45140121
2959. 45140122
2960. 45140123
2961. 45140124
2962. 45140125
2963. 45140126
2964. 45140127
2965. 45140128
2966. 45140129
2967. 45140130
2968. 45140131
2969. 45140132
2970. 45140133
2971. 45140134
2972. 45140135
2973. 45140136
2974. 45140250
2975. 45140310
2976. 45140320
2977. 45140330
2978. 45140340
2979. 45140350
2980. 45140360
2981. 45140370
2982. 45140380
2983. 45140390
2984. 45140400
2985. 45140410
2986. 45140420
2987. 45140430
2988. 45140440
2989. 45180101
2990. 45180102
2991. 45180103
2992. 45180104
2993. 45180105
2994. 45180106
2995. 45180107
2996. 45180108
2997. 45180109
2998. 45180110
2999. 45180111
3000. 45180112
3001. 45180113
3002. 45180114
3003. 45180115
3004. 45180116
3005. 45180117
3006. 45180118
3007. 45180119
3008. 45180120
3009. 45180121
3010. 45180122
3011. 45180123
3012. 45180124
3013. 45180125
3014. 45180126
3015. 45180127
3016. 45180250
3017. 45180310
3018. 45180320
3019. 45180330
3020. 45180340
3021. 45180350
3022. 45180360
3023. 45180370
3024. 45180380
3025. 45180390
3026. 45180400
3027. 45180410
3028. 45180420
3029. 45180430
3030. 45180440
3031. 45190101
3032. 45190102
3033. 45190103
3034. 45190104
3035. 45190105
3036. 45190106
3037. 45190107
3038. 45190108
3039. 45190109
3040. 45190110
3041. 45190111
3042. 45190112
3043. 45190113
3044. 45190114
3045. 45190115
3046. 45190116
3047. 45190117
3048. 45190118
3049. 45190119
3050. 45190120
3051. 45190121
3052. 45190122
3053. 45190123
3054. 45190250
3055. 45190310
3056. 45190320
3057. 45190330
3058. 45190340
3059. 45190350
3060. 45190360
3061. 45190370
3062. 45190380
3063. 45190390
3064. 45190400
3065. 45190410
3066. 45190420
3067. 45190450
3068. 45190460
3069. 45190470
3070. 45210101
3071. 45210102
3072. 45210103
3073. 45210104
3074. 45210105
3075. 45210106
3076. 45210107
3077. 45210108
3078. 45210109
3079. 45210110
3080. 45210111
3081. 45210112
3082. 45210113
3083. 45210114
3084. 45210115
3085. 45210116
3086. 45210117
3087. 45210118
3088. 45210119
3089. 45210120
3090. 45210121
3091. 45210122
3092. 45210123
3093. 45210124
3094. 45210125
3095. 45210126
3096. 45210127
3097. 45210128
3098. 45210129
3099. 45210130
3100. 45210250
3101. 45210320
3102. 45210330
3103. 45210340
3104. 45210350
3105. 45210360
3106. 45210380
3107. 45210390
3108. 45210400
3109. 45210410
3110. 45210420
3111. 45210430
3112. 45210440
3113. 45210450
3114. 45210460
3115. 45710250
3116. 45710253
3117. 45710256
3118. 45710320
3119. 45710330
3120. 45710340
3121. 45710350
3122. 45710360
3123. 45710370
3124. 45710380
3125. 45710390
3126. 45710400
3127. 45710410
3128. 45720250
3129. 45720310
3130. 45720320
3131. 45720330
3132. 45720340
3133. 45720350
3134. 45720360
3135. 45720370
3136. 45720380
3137. 45720390
3138. 45720400
3139. 45730250
3140. 45730310
3141. 45730320
3142. 45730330
3143. 45730340
3144. 45730350
3145. 45740250
3146. 45740310
3147. 45740320
3148. 45740335
3149. 45740340
3150. 45740350
3151. 45740360
3152. 45750250
3153. 45750310
3154. 45750320
3155. 45750330
3156. 45750340
3157. 45750355
3158. 45750360
3159. 45750370
3160. 45750380
3161. 45750390
3162. 45750400
3163. 45750410
3164. 45770250
3165. 45770310
3166. 45770320
3167. 45770330
3168. 45770340
3169. 45770350
3170. 45770360
3171. 45770370
3172. 45770380
3173. 45770390
3174. 45770400
3175. 45790250
3176. 45790310
3177. 45790320
3178. 45790330
3179. 45790340
3180. 45790350
3181. 45790360
3182. 45790370
3183. 45790380
3184. 45790390
3185. 45790400
3186. 45790410
3187. 45790420
3188. 45790430
3189. 45800250
3190. 45800310
3191. 45800320
3192. 45800330
3193. 45800340
3194. 45800350
3195. 45800360
3196. 45800370
3197. 45800380
3198. 45800390
3199. 45800400
3200. 45800410
3201. 45800420
3202. 46110101
3203. 46110102
3204. 46110103
3205. 46110104
3206. 46110105
3207. 46110106
3208. 46110107
3209. 46110108
3210. 46110109
3211. 46110110
3212. 46110111
3213. 46110112
3214. 46110113
3215. 46110114
3216. 46110115
3217. 46110116
3218. 46110117
3219. 46110118
3220. 46110119
3221. 46110120
3222. 46110121
3223. 46110122
3224. 46110123
3225. 46110124
3226. 46110125
3227. 46110126
3228. 46110127
3229. 46110128
3230. 46110129
3231. 46110130
3232. 46110131
3233. 46110132
3234. 46110133
3235. 46110134
3236. 46110135
3237. 46110136
3238. 46110137
3239. 46110138
3240. 46110139
3241. 46110140
3242. 46110141
3243. 46110142
3244. 46110143
3245. 46110144
3246. 46110145
3247. 46110146
3248. 46110147
3249. 46110148
3250. 46110149
3251. 46110150
3252. 46110151
3253. 46110152
3254. 46110153
3255. 46110154
3256. 46110155
3257. 46110156
3258. 46110157
3259. 46110158
3260. 46110159
3261. 46110160
3262. 46110161
3263. 46110162
3264. 46110163
3265. 46110164
3266. 46130101
3267. 46130102
3268. 46130103
3269. 46130104
3270. 46130105
3271. 46130106
3272. 46130107
3273. 46130108
3274. 46130109
3275. 46130110
3276. 46130111
3277. 46130112
3278. 46130113
3279. 46130114
3280. 46130115
3281. 46130116
3282. 46130117
3283. 46130118
3284. 46130119
3285. 46130120
3286. 46130121
3287. 46130122
3288. 46130123
3289. 46130124
3290. 46130125
3291. 46130126
3292. 46130127
3293. 46130128
3294. 46130129
3295. 46130130
3296. 46130131
3297. 46130132
3298. 46130133
3299. 46130134
3300. 46130135
3301. 46130136
3302. 46130137
3303. 46130138
3304. 46130139
3305. 46130140
3306. 46130141
3307. 46130142
3308. 46130143
3309. 46130144
3310. 46130145
3311. 46130146
3312. 46130147
3313. 46130148
3314. 46130149
3315. 46130150
3316. 46130151
3317. 46130250
3318. 46130310
3319. 46130320
3320. 46130330
3321. 46130340
3322. 46130350
3323. 46130360
3324. 46150101
3325. 46150102
3326. 46150103
3327. 46150104
3328. 46150105
3329. 46150106
3330. 46150107
3331. 46150108
3332. 46150109
3333. 46150110
3334. 46150111
3335. 46150112
3336. 46150113
3337. 46150114
3338. 46150115
3339. 46150116
3340. 46150117
3341. 46150118
3342. 46150119
3343. 46150120
3344. 46150121
3345. 46150122
3346. 46150123
3347. 46150124
3348. 46150125
3349. 46150126
3350. 46150127
3351. 46150128
3352. 46150129
3353. 46150130
3354. 46150131
3355. 46150132
3356. 46150133
3357. 46150250
3358. 46150310
3359. 46150320
3360. 46150330
3361. 46150340
3362. 46150350
3363. 46150360
3364. 46150370
3365. 46150380
3366. 46150390
3367. 46150400
3368. 46170101
3369. 46170102
3370. 46170103
3371. 46170104
3372. 46170105
3373. 46170106
3374. 46170107
3375. 46170108
3376. 46170109
3377. 46170110
3378. 46170111
3379. 46170112
3380. 46170113
3381. 46170114
3382. 46170115
3383. 46170116
3384. 46170117
3385. 46170118
3386. 46170119
3387. 46170120
3388. 46170121
3389. 46170122
3390. 46170123
3391. 46170124
3392. 46170125
3393. 46170126
3394. 46170127
3395. 46170128
3396. 46170129
3397. 46170130
3398. 46170131
3399. 46170132
3400. 46170133
3401. 46170134
3402. 46170250
3403. 46170310
3404. 46170320
3405. 46170330
3406. 46170340
3407. 46170350
3408. 46170360
3409. 46170370
3410. 46170380
3411. 46170390
3412. 46170400
3413. 46170420
3414. 46170430
3415. 46230101
3416. 46230102
3417. 46230103
3418. 46230104
3419. 46230105
3420. 46230106
3421. 46230107
3422. 46230108
3423. 46230109
3424. 46230110
3425. 46230250
3426. 46230310
3427. 46230320
3428. 46230330
3429. 46230340
3430. 46230350
3431. 46230360
3432. 46710250
3433. 46710310
3434. 46710320
3435. 46710335
3436. 46710340
3437. 46710350
3438. 46710360
3439. 46710370
3440. 46710380
3441. 46710390
3442. 46710400
3443. 46710410
3444. 46720250
3445. 46720310
3446. 46720320
3447. 46720330
3448. 46720340
3449. 46720350
3450. 46720360
3451. 46720370
3452. 46720380
3453. 46720390
3454. 46720400
3455. 46730250
3456. 46730310
3457. 46730320
3458. 46730330
3459. 46730340
3460. 46730350
3461. 46730360
3462. 46730370
3463. 46770250
3464. 46770253
3465. 46770310
3466. 46770320
3467. 46770330
3468. 46770340
3469. 46770350
3470. 46770360
3471. 46770370
3472. 46770380
3473. 46770390
3474. 46770400
3475. 46770410
3476. 46770420
3477. 46770440
3478. 46770450
3479. 46780250
3480. 46780253
3481. 46780310
3482. 46780320
3483. 46780330
3484. 46780340
3485. 46780350
3486. 46780360
3487. 46780370
3488. 46780380
3489. 46780390
3490. 46780400
3491. 46790250
3492. 46790310
3493. 46790320
3494. 46790330
3495. 46790340
3496. 46790350
3497. 46790360
3498. 46790370
3499. 46790380
3500. 46790395
3501. 46790400
3502. 46790415
3503. 46790420
3504. 46800250
3505. 46800253
3506. 46800256
3507. 46800310
3508. 46800320
3509. 46800330
3510. 46800340
3511. 46800350
3512. 46800360
3513. 46800370
3514. 46810250
3515. 46810310
3516. 46810320
3517. 46810330
3518. 46810340
3519. 46810350
3520. 46810360
3521. 46810370
3522. 46810380
3523. 46810390
3524. 46810400
3525. 46820250
3526. 46820310
3527. 46820320
3528. 46820330
3529. 46820340
3530. 46820350
3531. 46820360
3532. 46820370
3533. 46820380
3534. 46820390
3535. 46820400
3536. 46820410
3537. 46820420
3538. 46820430
3539. 46830250
3540. 46830253
3541. 46830310
3542. 46830320
3543. 46830330
3544. 46830340
3545. 46830350
3546. 46830360
3547. 46830370
3548. 46830380
3549. 46830390
3550. 46840250
3551. 46840253
3552. 46840256
3553. 46840320
3554. 46840330
3555. 46840340
3556. 46840350
3557. 46840360
3558. 46840370
3559. 46860250
3560. 46860310
3561. 46860320
3562. 46860330
3563. 46860340
3564. 46860350
3565. 46860360
3566. 46860370
3567. 46860380
3568. 46870250
3569. 46870253
3570. 46870256
3571. 46870310
3572. 46870320
3573. 46870330
3574. 46870340
3575. 46870350
3576. 46870360
3577. 46870370
3578. 46870380
3579. 46880250
3580. 46880310
3581. 46880320
3582. 46880330
3583. 46880340
3584. 46880350
3585. 46880360
3586. 46880370
3587. 46880380
3588. 46880390
3589. 46880400
3590. 46890250
3591. 46890253
3592. 46890256
3593. 46890310
3594. 46890320
3595. 46890330
3596. 46890340
3597. 46890350
3598. 46890360
3599. 46890370
3600. 46890380
3601. 46890390
3602. 46900250
3603. 46900310
3604. 46900320
3605. 46900330
3606. 46900340
3607. 46900350
3608. 46900360
3609. 46910250
3610. 46910253
3611. 46910310
3612. 46910320
3613. 46910330
3614. 46910340
3615. 46910350
3616. 46910360
3617. 46910370
3618. 46910380
3619. 46910390
3620. 46910400
3621. 46910410
3622. 46910420
3623. 47111101
3624. 47111102
3625. 47111103
3626. 47111104
3627. 47111105
3628. 47111106
3629. 47111107
3630. 47111108
3631. 47111109
3632. 47111110
3633. 47111111
3634. 47111112
3635. 47111113
3636. 47111114
3637. 47111115
3638. 47111116
3639. 47111117
3640. 47111250
3641. 47111253
3642. 47111256
3643. 47111310
3644. 47111320
3645. 47111330
3646. 47111350
3647. 47113101
3648. 47113102
3649. 47113103
3650. 47113104
3651. 47113105
3652. 47113106
3653. 47113107
3654. 47113108
3655. 47113109
3656. 47113110
3657. 47113111
3658. 47113112
3659. 47113113
3660. 47113114
3661. 47113115
3662. 47113116
3663. 47113117
3664. 47113118
3665. 47113119
3666. 47113120
3667. 47113121
3668. 47113122
3669. 47113123
3670. 47113124
3671. 47113250
3672. 47113310
3673. 47113320
3674. 47113330
3675. 47113340
3676. 47113350
3677. 47113360
3678. 47130101
3679. 47130102
3680. 47130103
3681. 47130104
3682. 47130105
3683. 47130106
3684. 47130107
3685. 47130108
3686. 47130109
3687. 47130110
3688. 47130111
3689. 47130112
3690. 47130113
3691. 47130114
3692. 47130115
3693. 47130116
3694. 47130117
3695. 47130118
3696. 47130119
3697. 47130120
3698. 47130121
3699. 47130122
3700. 47130123
3701. 47130124
3702. 47130125
3703. 47130126
3704. 47130127
3705. 47130128
3706. 47130129
3707. 47130130
3708. 47130131
3709. 47130132
3710. 47130133
3711. 47130134
3712. 47130135
3713. 47130136
3714. 47130137
3715. 47130138
3716. 47130139
3717. 47130140
3718. 47130141
3719. 47130142
3720. 47130143
3721. 47130144
3722. 47130250
3723. 47130253
3724. 47130256
3725. 47130259
3726. 47130315
3727. 47130320
3728. 47130330
3729. 47130340
3730. 47130350
3731. 47130360
3732. 47130370
3733. 47130380
3734. 47150101
3735. 47150102
3736. 47150103
3737. 47150104
3738. 47150105
3739. 47150106
3740. 47150107
3741. 47150108
3742. 47150109
3743. 47150110
3744. 47150111
3745. 47150112
3746. 47150113
3747. 47150114
3748. 47150115
3749. 47150116
3750. 47150117
3751. 47150118
3752. 47150119
3753. 47150120
3754. 47150250
3755. 47150310
3756. 47150320
3757. 47150340
3758. 47150350
3759. 47150360
3760. 47150370
3761. 47150380
3762. 47150390
3763. 47150400
3764. 47150410
3765. 47150420
3766. 47150430
3767. 47150440
3768. 47150450
3769. 47170101
3770. 47170102
3771. 47170103
3772. 47170104
3773. 47170105
3774. 47170106
3775. 47170107
3776. 47170108
3777. 47170109
3778. 47170110
3779. 47170111
3780. 47170112
3781. 47170113
3782. 47170114
3783. 47170115
3784. 47170116
3785. 47170117
3786. 47170118
3787. 47170119
3788. 47170120
3789. 47170121
3790. 47170122
3791. 47170123
3792. 47170124
3793. 47170125
3794. 47170126
3795. 47170127
3796. 47170128
3797. 47170129
3798. 47170130
3799. 47170131
3800. 47170132
3801. 47170133
3802. 47170134
3803. 47170135
3804. 47170136
3805. 47170137
3806. 47170138
3807. 47170139
3808. 47170140
3809. 47170141
3810. 47170142
3811. 47170250
3812. 47170310
3813. 47170320
3814. 47170330
3815. 47170340
3816. 47170350
3817. 47170360
3818. 47170370
3819. 47170380
3820. 47170390
3821. 47170400
3822. 47170410
3823. 47170420
3824. 47170430
3825. 47190101
3826. 47190102
3827. 47190103
3828. 47190104
3829. 47190105
3830. 47190106
3831. 47190107
3832. 47190108
3833. 47190109
3834. 47190110
3835. 47190111
3836. 47190112
3837. 47190113
3838. 47190114
3839. 47190115
3840. 47190116
3841. 47190117
3842. 47190118
3843. 47190119
3844. 47190120
3845. 47190121
3846. 47190122
3847. 47190123
3848. 47190124
3849. 47190125
3850. 47190126
3851. 47190127
3852. 47190128
3853. 47190129
3854. 47190130
3855. 47190250
3856. 47190253
3857. 47190256
3858. 47190310
3859. 47190320
3860. 47190330
3861. 47190340
3862. 47190360
3863. 47210101
3864. 47210102
3865. 47210103
3866. 47210104
3867. 47210105
3868. 47210106
3869. 47210107
3870. 47210108
3871. 47210109
3872. 47210110
3873. 47210111
3874. 47210112
3875. 47210113
3876. 47210250
3877. 47210310
3878. 47210320
3879. 47210330
3880. 47210340
3881. 47210350
3882. 47210360
3883. 47210370
3884. 47210380
3885. 47210390
3886. 47230101
3887. 47230102
3888. 47230103
3889. 47230104
3890. 47230105
3891. 47230106
3892. 47230107
3893. 47230108
3894. 47230109
3895. 47230110
3896. 47230111
3897. 47230112
3898. 47230113
3899. 47230114
3900. 47230115
3901. 47230116
3902. 47230117
3903. 47230118
3904. 47230119
3905. 47230120
3906. 47230121
3907. 47230122
3908. 47230123
3909. 47230124
3910. 47230125
3911. 47230126
3912. 47230127
3913. 47230128
3914. 47230129
3915. 47230130
3916. 47230250
3917. 47230310
3918. 47230320
3919. 47230330
3920. 47230340
3921. 47230350
3922. 47230360
3923. 47230370
3924. 47230380
3925. 47230390
3926. 47230400
3927. 47250101
3928. 47250102
3929. 47250103
3930. 47250104
3931. 47250105
3932. 47250106
3933. 47250107
3934. 47250108
3935. 47250109
3936. 47250110
3937. 47250111
3938. 47250112
3939. 47250113
3940. 47250114
3941. 47250115
3942. 47250116
3943. 47250117
3944. 47250118
3945. 47250119
3946. 47250120
3947. 47250121
3948. 47250122
3949. 47250123
3950. 47250124
3951. 47250125
3952. 47250126
3953. 47250127
3954. 47250128
3955. 47250129
3956. 47250130
3957. 47250131
3958. 47250132
3959. 47250133
3960. 47250134
3961. 47250135
3962. 47250136
3963. 47250250
3964. 47250310
3965. 47250325
3966. 47250330
3967. 47250340
3968. 47250350
3969. 47250360
3970. 47250370
3971. 47250380
3972. 47250390
3973. 47250400
3974. 47250410
3975. 47250420
3976. 47250430
3977. 47250440
3978. 47250450
3979. 47250460
3980. 47250470
3981. 47280101
3982. 47280102
3983. 47280103
3984. 47280104
3985. 47280105
3986. 47280106
3987. 47280107
3988. 47280108
3989. 47280109
3990. 47280110
3991. 47280111
3992. 47280250
3993. 47280253
3994. 47280310
3995. 47280320
3996. 47280330
3997. 47280340
3998. 47280350
3999. 47280360
4000. 47280370
4001. 47290101
4002. 47290102
4003. 47290103
4004. 47290104
4005. 47290105
4006. 47290106
4007. 47290107
4008. 47290108
4009. 47290109
4010. 47290110
4011. 47290111
4012. 47290112
4013. 47290113
4014. 47290114
4015. 47290115
4016. 47290116
4017. 47290117
4018. 47290118
4019. 47290119
4020. 47290120
4021. 47290121
4022. 47290122
4023. 47290123
4024. 47290124
4025. 47290125
4026. 47290126
4027. 47290127
4028. 47290128
4029. 47290250
4030. 47290253
4031. 47290256
4032. 47290310
4033. 47290330
4034. 47290340
4035. 47290350
4036. 47290370
4037. 47730250
4038. 47730310
4039. 47730320
4040. 47730330
4041. 47730340
4042. 47730350
4043. 47730360
4044. 47730370
4045. 47730380
4046. 47730390
4047. 47730400
4048. 47730410
4049. 47730420
4050. 47730430
4051. 47730440
4052. 47730450
4053. 47730460
4054. 47730470
4055. 47750250
4056. 47750315
4057. 47750320
4058. 47750330
4059. 47750340
4060. 47750350
4061. 47750360
4062. 47750370
4063. 47760250
4064. 47760310
4065. 47760320
4066. 47760330
4067. 47760340
4068. 47760350
4069. 47770250
4070. 47770310
4071. 47770320
4072. 47770330
4073. 47770340
4074. 47770350
4075. 47770360
4076. 47770370
4077. 47770380
4078. 47820250
4079. 47820253
4080. 47820310
4081. 47820320
4082. 47820330
4083. 47820340
4084. 47820350
4085. 47820360
4086. 47820370
4087. 47830253
4088. 47830310
4089. 47830320
4090. 47830330
4091. 47830340
4092. 47830350
4093. 47830360
4094. 47830370
4095. 47840250
4096. 47840310
4097. 47840320
4098. 47840330
4099. 47840340
4100. 47840350
4101. 47840360
4102. 47840370
4103. 47840380
4104. 47840390
4105. 47850250
4106. 47850253
4107. 47850256
4108. 47850310
4109. 47850320
4110. 47850330
4111. 47850360
4112. 47850370
4113. 47900250
4114. 47900310
4115. 47900340
4116. 47900350
4117. 47900360
4118. 47900370
4119. 47900380
4120. 47900390
4121. 47900400
4122. 47900410
4123. 47900420
4124. 47900430
4125. 47920250
4126. 47920310
4127. 47920320
4128. 47920330
4129. 47920340
4130. 47920350
4131. 47920360
4132. 47920370
4133. 47920380
4134. 47920390
4135. 47930250
4136. 47930253
4137. 47930310
4138. 47930330
4139. 47930350
4140. 47930360
4141. 47930370
4142. 47930380
4143. 47930390
4144. 47930400
4145. 47940250
4146. 47940310
4147. 47940320
4148. 48121101
4149. 48121102
4150. 48121103
4151. 48121104
4152. 48121105
4153. 48121106
4154. 48121107
4155. 48121108
4156. 48121112
4157. 48121113
4158. 48121114
4159. 48121116
4160. 48121117
4161. 48121118
4162. 48121119
4163. 48121120
4164. 48121121
4165. 48121122
4166. 48121124
4167. 48121125
4168. 48121127
4169. 48121129
4170. 48121250
4171. 48121310
4172. 48121320
4173. 48123101
4174. 48123102
4175. 48123103
4176. 48123104
4177. 48123105
4178. 48123106
4179. 48123107
4180. 48123108
4181. 48123109
4182. 48123110
4183. 48123111
4184. 48123112
4185. 48123113
4186. 48123114
4187. 48123115
4188. 48123116
4189. 48123117
4190. 48123118
4191. 48123119
4192. 48123120
4193. 48123121
4194. 48123122
4195. 48123123
4196. 48123124
4197. 48123125
4198. 48123126
4199. 48123127
4200. 48123128
4201. 48123129
4202. 48123130
4203. 48123131
4204. 48123132
4205. 48123133
4206. 48123134
4207. 48123135
4208. 48123136
4209. 48123137
4210. 48123138
4211. 48123139
4212. 48123140
4213. 48123141
4214. 48125101
4215. 48125102
4216. 48125103
4217. 48125104
4218. 48125105
4219. 48125106
4220. 48125107
4221. 48125108
4222. 48125109
4223. 48125110
4224. 48125111
4225. 48125112
4226. 48125113
4227. 48125114
4228. 48125115
4229. 48125116
4230. 48125117
4231. 48125118
4232. 48125119
4233. 48125120
4234. 48125121
4235. 48125122
4236. 48125123
4237. 48125124
4238. 48125125
4239. 48125126
4240. 48125127
4241. 48125128
4242. 48125129
4243. 48125130
4244. 48125131
4245. 48125132
4246. 48125133
4247. 48125134
4248. 48125135
4249. 48125136
4250. 48125137
4251. 48125138
4252. 48125139
4253. 48125140
4254. 48125141
4255. 48125142
4256. 48125143
4257. 48125144
4258. 48125145
4259. 48125146
4260. 48125147
4261. 48125148
4262. 48125149
4263. 48125150
4264. 48125151
4265. 48125152
4266. 48125153
4267. 48125154
4268. 48125155
4269. 48125156
4270. 48125157
4271. 48125158
4272. 48125159
4273. 48125160
4274. 48125310
4275. 48125320
4276. 48125330
4277. 48125340
4278. 48127101
4279. 48127102
4280. 48127103
4281. 48127104
4282. 48127105
4283. 48127106
4284. 48127107
4285. 48127108
4286. 48127250
4287. 48129101
4288. 48129102
4289. 48129103
4290. 48129104
4291. 48129105
4292. 48129106
4293. 48129107
4294. 48129108
4295. 48129109
4296. 48129110
4297. 48129111
4298. 48129112
4299. 48129113
4300. 48129114
4301. 48129115
4302. 48129116
4303. 48129117
4304. 48129118
4305. 48129119
4306. 48129120
4307. 48129121
4308. 48129122
4309. 48129123
4310. 48129124
4311. 48129125
4312. 48129126
4313. 48129127
4314. 48129128
4315. 48129129
4316. 48129130
4317. 48129131
4318. 48129132
4319. 48129133
4320. 48129134
4321. 48129135
4322. 48129136
4323. 48129137
4324. 48129138
4325. 48129139
4326. 48129140
4327. 48129141
4328. 48129142
4329. 48129143
4330. 48129144
4331. 48129145
4332. 48129146
4333. 48129147
4334. 48129148
4335. 48129149
4336. 48129150
4337. 48129151
4338. 48129152
4339. 48129153
4340. 48129154
4341. 48129155
4342. 48129156
4343. 48129157
4344. 48129158
4345. 48129159
4346. 48129160
4347. 48129161
4348. 48129162
4349. 48129163
4350. 48129164
4351. 48129165
4352. 48170101
4353. 48170102
4354. 48170103
4355. 48170104
4356. 48170105
4357. 48170106
4358. 48170107
4359. 48170108
4360. 48170109
4361. 48170110
4362. 48170111
4363. 48170112
4364. 48170113
4365. 48170114
4366. 48170115
4367. 48170116
4368. 48170117
4369. 48170118
4370. 48170119
4371. 48170120
4372. 48170121
4373. 48170122
4374. 48170123
4375. 48170124
4376. 48170125
4377. 48170126
4378. 48170127
4379. 48170128
4380. 48170129
4381. 48170130
4382. 48170131
4383. 48170132
4384. 48170137
4385. 48170250
4386. 48170310
4387. 48170320
4388. 48170330
4389. 48170350
4390. 48170360
4391. 48170370
4392. 48170380
4393. 48170390
4394. 48170400
4395. 48170410
4396. 48170420
4397. 48170430
4398. 48170440
4399. 48170450
4400. 48170460
4401. 48220101
4402. 48220102
4403. 48220103
4404. 48220104
4405. 48220105
4406. 48220106
4407. 48220107
4408. 48220108
4409. 48220109
4410. 48220110
4411. 48220111
4412. 48220112
4413. 48220113
4414. 48220114
4415. 48220115
4416. 48220116
4417. 48220117
4418. 48220250
4419. 48220310
4420. 48220330
4421. 48220340
4422. 48220350
4423. 48220360
4424. 48220370
4425. 48240101
4426. 48240102
4427. 48240103
4428. 48240104
4429. 48240105
4430. 48240106
4431. 48240107
4432. 48240108
4433. 48240109
4434. 48240110
4435. 48240111
4436. 48240112
4437. 48240113
4438. 48240114
4439. 48240115
4440. 48240116
4441. 48240117
4442. 48240118
4443. 48240119
4444. 48240120
4445. 48240121
4446. 48240122
4447. 48240123
4448. 48240124
4449. 48240125
4450. 48240126
4451. 48240127
4452. 48240250
4453. 48240310
4454. 48240320
4455. 48240330
4456. 48240340
4457. 48240350
4458. 48240360
4459. 48240370
4460. 48250101
4461. 48250102
4462. 48250103
4463. 48250104
4464. 48250105
4465. 48250106
4466. 48250107
4467. 48250108
4468. 48250109
4469. 48250110
4470. 48250111
4471. 48250112
4472. 48250113
4473. 48250114
4474. 48250115
4475. 48250116
4476. 48250117
4477. 48250118
4478. 48250119
4479. 48250120
4480. 48250121
4481. 48250122
4482. 48250123
4483. 48250124
4484. 48250125
4485. 48250126
4486. 48250127
4487. 48250128
4488. 48250129
4489. 48250130
4490. 48250131
4491. 48250132
4492. 48250133
4493. 48250134
4494. 48250250
4495. 48250320
4496. 48250330
4497. 48250340
4498. 48250350
4499. 48250360
4500. 48250370
4501. 48270101
4502. 48270102
4503. 48270103
4504. 48270104
4505. 48270105
4506. 48270106
4507. 48270107
4508. 48270108
4509. 48270250
4510. 48270253
4511. 48270310
4512. 48270320
4513. 48270330
4514. 48270340
4515. 48270350
4516. 48270360
4517. 48270370
4518. 48270380
4519. 48270390
4520. 48310101
4521. 48310102
4522. 48310103
4523. 48310104
4524. 48310105
4525. 48310106
4526. 48310107
4527. 48310108
4528. 48310109
4529. 48310110
4530. 48310111
4531. 48310112
4532. 48310113
4533. 48310114
4534. 48310310
4535. 48310320
4536. 48310330
4537. 48310340
4538. 48310350
4539. 48310360
4540. 48310370
4541. 48310380
4542. 48310390
4543. 48330101
4544. 48330102
4545. 48330103
4546. 48330104
4547. 48330105
4548. 48330106
4549. 48330107
4550. 48330108
4551. 48330109
4552. 48330110
4553. 48330111
4554. 48330112
4555. 48330113
4556. 48330114
4557. 48330115
4558. 48330116
4559. 48330117
4560. 48330118
4561. 48330119
4562. 48330120
4563. 48330121
4564. 48330253
4565. 48330310
4566. 48330320
4567. 48330330
4568. 48330340
4569. 48720250
4570. 48720310
4571. 48720320
4572. 48720330
4573. 48720340
4574. 48720350
4575. 48720360
4576. 48720370
4577. 48720380
4578. 48720390
4579. 48720400
4580. 48720415
4581. 48720420
4582. 48730250
4583. 48730253
4584. 48730310
4585. 48730320
4586. 48730330
4587. 48730340
4588. 48730350
4589. 48730360
4590. 48730380
4591. 48730390
4592. 48740250
4593. 48740253
4594. 48740310
4595. 48740320
4596. 48740330
4597. 48740340
4598. 48740350
4599. 48740360
4600. 48740370
4601. 48740380
4602. 48740390
4603. 48740400
4604. 48740410
4605. 48740420
4606. 48820250
4607. 48820310
4608. 48820320
4609. 48820330
4610. 48820340
4611. 48820350
4612. 48820360
4613. 48820370
4614. 48820380
4615. 48820390
4616. 48820400
4617. 48820410
4618. 48820420
4619. 48820430
4620. 48840250
4621. 48840310
4622. 48840320
4623. 48840330
4624. 48840340
4625. 48840350
4626. 48840360
4627. 48840370
4628. 48840380
4629. 48840390
4630. 48850250
4631. 48850310
4632. 48850320
4633. 48850330
4634. 48850340
4635. 48850350
4636. 48850360
4637. 48850370
4638. 48850380
4639. 48850390
4640. 48850400
4641. 48850410
4642. 48850420
4643. 48860250
4644. 48860310
4645. 48860320
4646. 48860330
4647. 48860340
4648. 48860350
4649. 48860360
4650. 48860370
4651. 48860380
4652. 48860390
4653. 48860400
4654. 48870250
4655. 48870310
4656. 48870320
4657. 48870330
4658. 48870340
4659. 48870350
4660. 48870360
4661. 48870370
4662. 48870380
4663. 48870390
4664. 48870400
4665. 48880250
4666. 48880310
4667. 48880320
4668. 48880330
4669. 48880340
4670. 48880350
4671. 48880360
4672. 48880370
4673. 48880380
4674. 48880390
4675. 48880400
4676. 48880410
4677. 48890250
4678. 48890310
4679. 48890320
4680. 48890330
4681. 48890340
4682. 48890350
4683. 48890360
4684. 48890370
4685. 48890380
4686. 48890390
4687. 48890400
4688. 48890410
4689. 48890420
4690. 48890430
4691. 48890440
4692. 48890450
4693. 48890460
4694. 50110101
4695. 50110102
4696. 50110103
4697. 50110104
4698. 50110105
4699. 50110106
4700. 50110107
4701. 50110108
4702. 50110109
4703. 50110110
4704. 50110111
4705. 50110112
4706. 50110113
4707. 50110114
4708. 50110115
4709. 50110116
4710. 50110117
4711. 50110118
4712. 50110119
4713. 50110120
4714. 50110121
4715. 50110122
4716. 50110123
4717. 50110124
4718. 50110125
4719. 50110126
4720. 50110127
4721. 50110128
4722. 50110129
4723. 50110130
4724. 50110131
4725. 50110132
4726. 50110133
4727. 50110134
4728. 50110135
4729. 50110136
4730. 50110137
4731. 50110138
4732. 50110139
4733. 50110140
4734. 50110250
4735. 50110253
4736. 50110256
4737. 50110259
4738. 50110310
4739. 50110320
4740. 50110330
4741. 50130101
4742. 50130102
4743. 50130103
4744. 50130104
4745. 50130105
4746. 50130106
4747. 50130107
4748. 50130108
4749. 50130109
4750. 50130110
4751. 50130111
4752. 50130112
4753. 50130113
4754. 50130114
4755. 50130115
4756. 50130116
4757. 50130117
4758. 50130118
4759. 50130119
4760. 50130120
4761. 50130121
4762. 50130122
4763. 50130250
4764. 50130253
4765. 50130259
4766. 50130310
4767. 50130320
4768. 51110101
4769. 51110102
4770. 51110103
4771. 51110104
4772. 51110105
4773. 51110106
4774. 51110107
4775. 51110108
4776. 51110109
4777. 51110110
4778. 51110111
4779. 51110112
4780. 51110113
4781. 51110114
4782. 51110115
4783. 51110116
4784. 51110117
4785. 51110118
4786. 51110119
4787. 51110120
4788. 51110121
4789. 51110122
4790. 51110123
4791. 51110124
4792. 51110125
4793. 51110126
4794. 51110127
4795. 51110128
4796. 51110129
4797. 51110250
4798. 51110310
4799. 51110320
4800. 51110330
4801. 51110340
4802. 51110350
4803. 51110360
4804. 51110380
4805. 51110390
4806. 51110400
4807. 51130101
4808. 51130102
4809. 51130103
4810. 51130104
4811. 51130105
4812. 51130106
4813. 51130107
4814. 51130108
4815. 51130109
4816. 51130110
4817. 51130111
4818. 51130112
4819. 51130113
4820. 51130114
4821. 51130115
4822. 51130116
4823. 51130117
4824. 51130118
4825. 51130250
4826. 51130310
4827. 51130320
4828. 51130330
4829. 51130350
4830. 51130360
4831. 51130370
4832. 51130380
4833. 51130390
4834. 51150101
4835. 51150102
4836. 51150103
4837. 51150104
4838. 51150105
4839. 51150106
4840. 51150107
4841. 51150108
4842. 51150109
4843. 51150110
4844. 51150111
4845. 51150112
4846. 51150113
4847. 51150114
4848. 51150115
4849. 51150116
4850. 51150117
4851. 51150118
4852. 51150119
4853. 51150120
4854. 51150121
4855. 51150122
4856. 51150123
4857. 51150124
4858. 51150125
4859. 51150126
4860. 51150127
4861. 51150128
4862. 51150129
4863. 51150130
4864. 51150131
4865. 51150132
4866. 51150133
4867. 51150134
4868. 51150135
4869. 51150136
4870. 51150137
4871. 51150138
4872. 51150139
4873. 51150250
4874. 51150310
4875. 51150320
4876. 51150330
4877. 51150340
4878. 51150350
4879. 51150360
4880. 51150370
4881. 51170101
4882. 51170102
4883. 51170103
4884. 51170104
4885. 51170105
4886. 51170106
4887. 51170107
4888. 51170108
4889. 51170109
4890. 51170110
4891. 51170111
4892. 51170112
4893. 51170113
4894. 51170114
4895. 51170115
4896. 51170116
4897. 51170117
4898. 51170118
4899. 51170119
4900. 51170120
4901. 51170121
4902. 51170122
4903. 51170123
4904. 51170124
4905. 51170125
4906. 51170126
4907. 51170127
4908. 51170128
4909. 51170129
4910. 51170130
4911. 51170131
4912. 51170132
4913. 51170133
4914. 51170134
4915. 51170135
4916. 51170136
4917. 51190101
4918. 51190102
4919. 51190103
4920. 51190104
4921. 51190105
4922. 51190106
4923. 51190107
4924. 51190108
4925. 51190109
4926. 51190110
4927. 51190111
4928. 51190112
4929. 51190113
4930. 51190114
4931. 51190115
4932. 51190116
4933. 51190117
4934. 51210101
4935. 51210102
4936. 51210103
4937. 51210104
4938. 51210105
4939. 51210106
4940. 51210107
4941. 51210108
4942. 51210109
4943. 51210110
4944. 51210111
4945. 51210112
4946. 51210113
4947. 51230101
4948. 51230102
4949. 51230103
4950. 51230104
4951. 51230105
4952. 51230106
4953. 51230107
4954. 51230108
4955. 51230109
4956. 51230110
4957. 51230111
4958. 51230112
4959. 51230113
4960. 51230114
4961. 51230115
4962. 51230116
4963. 51230117
4964. 51230118
4965. 51230119
4966. 51230120
4967. 51230121
4968. 51230122
4969. 51230123
4970. 51230124
4971. 51230125
4972. 51230126
4973. 51230127
4974. 51230250
4975. 51230253
4976. 51230310
4977. 51230320
4978. 51230330
4979. 51230340
4980. 51230350
4981. 51230360
4982. 51720250
4983. 51720310
4984. 51720320
4985. 51720330
4986. 51720340
4987. 51720352
4988. 51720360
4989. 51720370
4990. 51720380
4991. 51720390
4992. 51730250
4993. 51730310
4994. 51730320
4995. 51730330
4996. 51730340
4997. 51730350
4998. 51730360
4999. 51730370
5000. 51730380
5001. 51750250
5002. 51750253
5003. 51750312
5004. 51750325
5005. 51750330
5006. 51750340
5007. 51750355
5008. 51750360
5009. 51750380
5010. 51760250
5011. 51760310
5012. 51760320
5013. 51760330
5014. 51760340
5015. 51760350
5016. 51760360
5017. 51760380
5018. 51770250
5019. 51770253
5020. 51770256
5021. 51770259
5022. 51770320
5023. 51770340
5024. 51770350
5025. 51770360
5026. 51770370
5027. 51780250
5028. 51780253
5029. 51780256
5030. 51780259
5031. 51780310
5032. 51780320
5033. 51780330
5034. 51780340
5035. 51780350
5036. 51780360
5037. 51780370
5038. 51790250
5039. 51790310
5040. 51790320
5041. 51790330
5042. 51790340
5043. 51800250
5044. 51800315
5045. 51800320
5046. 51800330
5047. 51800340
5048. 51810250
5049. 51810310
5050. 51810320
5051. 51810330
5052. 51810340
5053. 51810350
5054. 51820250
5055. 51820253
5056. 51820310
5057. 51820320
5058. 51820330
5059. 51820340
5060. 51830250
5061. 51830310
5062. 51830320
5063. 51830330
5064. 51830340
5065. 51830350
